version https://git-lfs.github.com/spec/v1
oid sha256:008bfc22fc41358aec098547924751824596d5840d04d40c2b86794e4cf350a2
size 19652
